1.128717852831915280e-01
-8.786025693915577861e-01
7.544993703392439688e-01
1.593738509299222894e-01
8.569827941431202856e-01
2.765178145561599798e-01
1.616036736974114096e-01
9.298183462792199983e-01
9.919610863885146568e-01
8.816572059571887721e-01
1.029915855922797663e+00
7.787664443968774636e-03
-6.772094280918459219e-01
4.887214401641468697e-01
-1.136473494729450806e-01
6.463822480696457262e-01
4.656894174173709100e-01
7.497799912086478002e-01
-6.528419016382436268e-01
-5.690773717804376020e-01
-2.316783387592238341e-01
-5.682710834110622500e-01
1.281419119114239891e-01
-8.325204969751034412e-01
-9.135833241342519173e-01
-9.108193393921926173e-01
-5.506163770333607488e-01
-5.867420294391383351e-01
-6.133110326869086748e-01
6.808697294495260621e-01
5.097513798250441486e-01
1.059286849160341326e+00
2.015630330422375494e-01
-9.476261440527267155e-02
3.748339123003070483e-01
9.206562367530863877e-01
1.002103904843281157e-01
7.495659541191330710e-01
-4.777620609767900817e-01
6.824872628438074518e-01
-5.201614280876398766e-01
-1.569012063320194272e-01
-2.180318199404851498e-01
-6.130301148405408185e-01
3.688637356459594230e-01
9.357476583853192587e-01
7.394897841500334135e-01
4.497553344918219786e-01
9.203059789570700033e-01
-7.320623763853824073e-01
8.690436292142000863e-01
6.779930309229454943e-01
-9.198633193483463089e-02
-8.598227030310278546e-03
3.110366279470062612e-01
2.677211110196430210e-01
4.473783888282026888e-01
-9.942566653105686658e-01
-5.183727207621071642e-01
1.024491887518071964e+00
1.037869635027217186e+00
-5.483813149376421947e-01
-8.969824662549310546e-01
-2.627921009812546060e-01
8.821609539007280176e-01
5.522054299023420043e-01
8.973083096928018421e-01
-5.584730907394412913e-01
5.350337836173055805e-01
6.607217891340879667e-01
-6.650366892135721741e-01
1.244561016157822997e-01
-8.909614677884949430e-01
9.358778323921863596e-01
7.063108031403917408e-01
5.430135285479140705e-01
2.853690108859728292e-01
-9.478587568490466353e-01
2.328278737470793058e-01
1.147216372604263901e-01
2.116375172029495433e-01
-7.167712665346854806e-01
-9.249301804981975295e-01
5.488539993017766960e-01
-1.932463936694457374e-01
-8.458850707343805730e-01
-2.586093840233818497e-01
7.563953826430722671e-01
9.123295701672731184e-01
-4.993063452188515328e-01
-7.953794783162724258e-01
-3.766062530222988869e-01
8.695184130838038428e-01
3.552748692153842591e-02
1.057574759859870595e+00
2.248451836607117116e-01
-8.763423434981465476e-02
-8.751001842057748448e-01
-9.845812143737935340e-01
6.841048570786736338e-01
-7.645767596786974263e-01
6.308163394192115025e-02
9.130504691909424597e-01
3.061040103096515086e-01
8.013395958833242627e-01
-9.791399262462705533e-01
-5.515919499005901283e-01
-2.704720596425538304e-01
7.546908664750890949e-01
-8.092745005819157456e-01
4.448485282657443918e-02
-8.880827438925193995e-01
4.949296084624341674e-01
6.769527155860387557e-01
-9.128144064473273644e-01
-8.964110229674746577e-01
4.041026092463753105e-01
1.149506285224930480e-01
4.039584051412248300e-03
5.127154094054375832e-01
-4.341715981877936059e-01
1.862092281686785755e-01
2.041879073349761597e-02
-3.285379467954214761e-01
3.055276777719528880e-01
-2.559600306317015850e-01
-4.197806381651858487e-01
5.987961187830310728e-01
-7.943543381173050477e-01
1.053776934988761793e+00
1.783133761898201275e-01
1.554559378537046510e-01
-3.283140269355975249e-01
2.052158582298488909e-01
4.491976060380575841e-02
1.462033375015394099e-01
-9.356877161644765462e-01
-8.247470137354806496e-01
9.102449628608395571e-01
1.026582861134242020e+00
-5.973163230590969874e-01
-9.747447408743554753e-01
7.157163812116992263e-01
8.576152467850457484e-01
-5.514188389491572195e-01
-7.207485272463891590e-01
2.680612294083678515e-01
-7.093745091027967575e-01
-7.591938601528727126e-01
4.082553006716391764e-01
-9.853975605032254670e-01
-7.739555654318834854e-01
4.831726780360376949e-01
5.290849021148407161e-01
9.313304355784119970e-01
-7.190956477001329006e-01
-6.269654025663662367e-01
4.851354575894217258e-01
4.659932890638138758e-01
2.730176336564936745e-01
9.538825963607777680e-02
-2.394386548586560082e-01
9.797815045340065865e-01
6.645270457861623958e-02
6.153249177641608725e-01
-9.317982510080868863e-01
-6.948467575929768714e-01
-3.008789422379791745e-01
9.425318768935776470e-01
-6.724345646838880697e-01
1.627475589283378099e-01
8.861893381961715166e-01
5.126162222080878905e-01
4.574917787587002849e-01
7.819842776826149144e-01
-7.106431986746812868e-01
-1.916562874380360881e-01
7.534745872533084032e-01
-1.344748840049243555e-01
-6.708886636250994684e-01
4.450276657862631963e-02
3.300845806270764626e-01
-6.354322552494204857e-01
7.562689265095650093e-01
2.546356265893692239e-01
-8.420310856719228632e-01
-9.555837796305368670e-01
4.196287920484600420e-01
-6.365406748786668345e-01
2.939017104531814195e-01
7.735346267759375394e-01
-9.718890132745539034e-01
3.302352775877182012e-02
8.225236740299450844e-01
6.862268197774422651e-01
3.015216248422256662e-01
1.364432649846196721e-01
-5.928198080722486552e-01
3.132801851382183145e-01
1.038496552847572918e+00
